1.000000000 0.000000000 0.000000000 0.000000000 0.000000000 1.000000000 0.000000000 0.000000000 0.000000000 0.000000000 1.000000000 0.000000000
1.000000000 0.000017043 0.000001514 0.001424286 -0.000017043 1.000000000 0.000013964 0.000185515 -0.000001514 -0.000013964 1.000000000 0.001451695
1.000000000 -0.000060198 0.000113192 -0.003150475 0.000060176 1.000000000 0.000192612 -0.003208851 -0.000113203 -0.000192605 1.000000000 -0.009776891
1.000000000 0.000076638 0.000001582 0.001331739 -0.000076638 1.000000000 -0.000023266 -0.000052432 -0.000001583 0.000023266 1.000000000 0.001690730
1.000000000 -0.000042716 -0.000003173 0.000860145 0.000042715 1.000000000 -0.000003992 0.000459853 0.000003173 0.000003992 1.000000000 0.002094050
1.000000000 0.000053959 0.000025219 0.001083115 -0.000053960 1.000000000 0.000041210 0.000693964 -0.000025217 -0.000041211 1.000000000 -0.000129956
1.000000000 0.000112148 0.000013825 0.000457777 -0.000112149 1.000000000 0.000016647 0.000071637 -0.000013823 -0.000016649 1.000000000 0.004066140
1.000000000 0.000128573 0.000033939 0.001109885 -0.000128572 1.000000000 -0.000024047 0.000830440 -0.000033942 0.000024042 1.000000000 0.004160069
1.000000000 0.000028584 0.000003351 0.000689451 -0.000028584 1.000000000 -0.000006256 0.000218772 -0.000003351 0.000006256 1.000000000 0.002213827
1.000000000 -0.000013869 0.000076435 0.000004095 0.000013867 1.000000000 0.000030280 0.001210127 -0.000076436 -0.000030279 1.000000000 0.000982182
1.000000000 0.000064516 0.000027033 0.000089904 -0.000064516 1.000000000 0.000028686 0.000379525 -0.000027031 -0.000028687 1.000000000 0.000642022
1.000000000 0.000017020 0.000039570 -0.000501756 -0.000017021 1.000000000 0.000017366 0.000933599 -0.000039570 -0.000017367 1.000000000 0.003950288
1.000000000 0.000005783 0.000052412 -0.000440836 -0.000005783 1.000000000 0.000006386 0.000702664 -0.000052412 -0.000006386 1.000000000 0.001213492
1.000000000 0.000116788 0.000010891 0.000736747 -0.000116788 1.000000000 -0.000005501 0.001197799 -0.000010892 0.000005499 1.000000000 0.001371966
1.000000000 0.000068791 0.000066076 -0.000718723 -0.000068790 1.000000000 -0.000016434 0.000859681 -0.000066078 0.000016429 1.000000000 0.001916402
1.000000000 0.000128489 0.000051343 -0.000422563 -0.000128486 1.000000000 -0.000054385 0.002503919 -0.000051350 0.000054379 1.000000000 0.005219975
1.000000000 0.000073448 0.000059767 -0.001529076 -0.000073446 1.000000000 -0.000025281 0.001426429 -0.000059769 0.000025276 1.000000000 0.003614914
1.000000000 0.000029800 0.000078393 -0.000264282 -0.000029801 1.000000000 0.000016263 0.000978901 -0.000078392 -0.000016265 1.000000000 0.000846055
1.000000000 0.000096185 0.000065570 -0.000571801 -0.000096186 1.000000000 0.000011335 0.001018297 -0.000065569 -0.000011341 1.000000000 0.001372162
1.000000000 0.000060469 0.000002242 0.001551756 -0.000060469 1.000000000 0.000003981 0.001625286 -0.000002242 -0.000003981 1.000000000 0.001921062
1.000000000 0.000104009 0.000017209 0.001181738 -0.000104008 1.000000000 -0.000024432 0.000153953 -0.000017211 0.000024430 1.000000000 0.002886883
0.999922454 -0.000992639 -0.012415117 0.003694103 0.000480994 0.999153018 -0.041146744 -0.008183568 0.012445445 0.041137580 0.999075949 0.010479800
0.999979794 0.000189618 -0.006356555 -0.000150598 -0.000699088 0.996775091 -0.080242775 -0.006588381 0.006320840 0.080245599 0.996755064 0.012756325
0.999644935 0.002131655 0.026559446 -0.011338146 0.001047940 0.992878020 -0.119130537 -0.018918186 -0.026624236 0.119116075 0.992523313 0.015036360
0.999082625 0.007107074 0.042229794 -0.005493822 0.000750063 0.983076811 -0.183192357 0.008871080 -0.042817090 0.183055967 0.982169628 0.007845479
0.994958520 0.024785025 0.097177513 0.009907549 -0.000277850 0.969657898 -0.244465470 0.003551250 -0.100288063 0.243205965 0.964776218 -0.012220028
0.992550254 0.037038732 0.116069384 0.010156340 0.000888015 0.950445771 -0.310889155 0.006800592 -0.121832594 0.308676124 0.943332314 0.002431147
0.992058337 0.038514417 0.119737148 0.012714005 0.001593028 0.948041141 -0.318143725 0.018551573 -0.125768870 0.315807968 0.940450668 0.019848840
0.990072131 0.048356704 0.131980225 0.030236235 0.000927624 0.936690867 -0.350156188 0.010279519 -0.140557066 0.346802354 0.927346647 0.013496911
0.990028679 0.048678041 0.132187933 0.023103118 0.000697634 0.936689675 -0.350159854 0.014091293 -0.140864164 0.346760511 0.927315772 0.008263706
0.990051568 0.048826944 0.131961763 0.027935972 0.000495286 0.936644137 -0.350282013 0.015910780 -0.140704423 0.346862614 0.927301884 0.006725674
0.990042806 0.048847988 0.132019863 0.027366601 0.000491758 0.936654389 -0.350254476 0.014042728 -0.140766218 0.346831828 0.927303970 0.007512250
0.990032494 0.048904434 0.132075876 0.023216397 0.000462409 0.936644137 -0.350282252 0.013359888 -0.140838444 0.346851945 0.927285373 0.011015954
0.989570379 0.043746464 0.137246758 0.010963762 0.000160186 0.952436268 -0.304737478 0.029153602 -0.144049987 0.301581204 0.942495823 -0.002918235
0.991609812 0.025271446 0.126773357 0.001528430 0.000827302 0.979443550 -0.201716766 -0.015496759 -0.129265025 0.200129226 0.971204877 -0.019297205
0.990587175 0.012124421 0.136344463 0.007625494 0.000307697 0.995869696 -0.090793118 -0.027308026 -0.136882156 0.089980468 0.986492217 -0.072699949
0.989312768 -0.000154837 0.145808682 0.019006424 -0.000626254 0.999985695 0.005311037 0.006152431 -0.145807430 -0.005345590 0.989298522 -0.061914191
0.988756716 -0.010113735 0.149190202 0.007150625 -0.000024701 0.997699022 0.067798592 0.004283147 -0.149532616 -0.067039996 0.986481369 -0.052242022
0.988253951 -0.010280238 0.152474359 0.013936653 -0.000013406 0.997728944 0.067356497 0.030384820 -0.152820528 -0.066567361 0.986009419 -0.040336750
0.988243520 -0.010810041 0.152505413 0.010854318 0.000423828 0.997687042 0.067972623 0.010879193 -0.152887449 -0.067108870 0.985962391 -0.038438622
0.988240600 -0.010084141 0.152573541 0.012255328 -0.000346342 0.997672796 0.068183124 0.008874757 -0.152906030 -0.067434177 0.985937238 -0.043837778
0.998723269 -0.003145556 0.050417736 0.007982406 -0.000160232 0.997857273 0.065430373 0.009707836 -0.050515484 -0.065354921 0.996582627 -0.039302632
0.995586395 0.005341745 -0.093697958 0.049625296 0.001425867 0.997402728 0.072012767 -0.072253503 0.093839273 -0.071828537 0.992992818 0.009433012
0.967249095 0.028744942 -0.252196044 0.428231865 -0.007815138 0.996468604 0.083602622 -0.261191547 0.253708541 -0.078893617 0.964057922 0.062108882
0.970427573 0.015344203 -0.240903974 -0.014287791 -0.001938883 0.998440921 0.055784602 0.022161227 0.241384372 -0.053667843 0.968944430 0.058538947
0.951331615 0.017080251 -0.307695389 0.039242085 0.000375723 0.998397768 0.056582995 -0.002253230 0.308168799 -0.053944804 0.949800968 -0.012270127
0.919759512 0.022015443 -0.391864598 0.049112212 0.000393216 0.998373389 0.057012800 -0.003034812 0.392482340 -0.052592151 0.918254673 -0.030852014
0.902727783 0.021188064 -0.429690123 0.020013027 0.005186815 0.998177886 0.060117129 -0.037501752 0.430180937 -0.056498129 0.900972962 -0.012283884
0.902515352 0.021539042 -0.430118650 0.035258710 0.004464396 0.998226941 0.059355799 -0.030045802 0.430634528 -0.055489741 0.900818944 -0.036769483
0.903608918 0.024084870 -0.427680731 -0.038701564 0.001014000 0.998294950 0.058361441 -0.001569555 0.428357244 -0.053169578 0.902043760 0.036121316
0.903643847 0.025069119 -0.427550465 -0.040248971 -0.000072210 0.998294294 0.058381673 0.005135408 0.428284764 -0.052725360 0.902104318 0.053479359
0.903043211 0.024748564 -0.428836316 -0.022303075 0.000419873 0.998287559 0.058496315 0.002673629 0.429549754 -0.053004753 0.901486218 0.064646237
0.903041005 0.024635304 -0.428847432 -0.021569122 0.000594303 0.998281479 0.058598120 0.001144843 0.429554015 -0.053171363 0.901474357 0.061075151
0.879890382 0.027156558 -0.474400073 -0.020317826 0.000973093 0.998260558 0.058949266 -0.005341676 0.475175679 -0.052330524 0.878333449 0.085254297
0.840778232 0.018786665 -0.541053653 -0.544635296 0.020443045 0.997583210 0.066406198 -0.196754023 0.540993571 -0.066893660 0.838362217 -0.543367028
0.786922574 0.035627346 -0.616022289 -0.437333077 0.004512731 0.997972786 0.063481957 -0.102394275 0.617035151 -0.052735321 0.785166621 -0.418129563
0.760781109 0.035837520 -0.648018360 -0.065061912 0.000677768 0.998429775 0.056012128 -0.003054206 0.649008214 -0.043052170 0.759562314 0.180469632
0.760405064 0.036070358 -0.648446560 -0.038738996 0.000671830 0.998412251 0.056325298 -0.005495049 0.649448633 -0.043265697 0.759173572 0.173762202
0.760601223 0.036268350 -0.648205459 -0.037662469 0.000569810 0.998400688 0.056531064 -0.004440139 0.649218976 -0.043366954 0.759364247 0.170146763
0.760917068 0.037017286 -0.647792339 -0.034672804 -0.000492801 0.998403966 0.056473684 -0.001036868 0.648848951 -0.042652559 0.759720922 0.142618716
0.773447216 0.035420310 -0.632870376 -0.029009257 0.001138336 0.998358250 0.057267021 -0.015770447 0.633859813 -0.045013431 0.772137105 0.134563789
0.805957317 0.034503449 -0.590967298 -0.014833733 -0.000836238 0.998365343 0.057148807 -0.005281799 0.591973186 -0.045565311 0.804668725 0.041923497
0.860710740 0.024976842 -0.508481264 -0.004994703 0.001722815 0.998647094 0.051970266 -0.006719850 0.509091377 -0.045607381 0.859503448 0.048253685
0.912570119 0.023757700 -0.408229530 -0.030231800 -0.000063242 0.998319089 0.057957713 0.003320439 0.408920288 -0.052864660 0.911037624 0.105299622
0.947007179 0.015955735 -0.320815921 -0.020852830 0.001949288 0.998461783 0.055412382 0.006208733 0.321206570 -0.053101286 0.945519090 0.043942839
0.970097840 0.012318490 -0.242401585 -0.026780538 0.001286607 0.998436213 0.055888087 0.002214190 0.242710933 -0.054528788 0.968564868 0.046915062
0.979523003 0.008332936 -0.201159805 -0.004114802 0.002461010 0.998572886 0.053348944 -0.004652129 0.201317266 -0.052751571 0.978104591 -0.023600563
0.999649525 0.000215626 -0.026473463 0.011411708 0.001591953 0.997667670 0.068238981 -0.013277506 0.026426420 -0.068257205 0.997317731 -0.037582647
0.984008491 0.004217542 0.178071618 -1.383213639 -0.024394654 0.993490636 0.111272365 -0.450696111 -0.176443174 -0.113836959 0.977705956 -0.527326524
0.977187932 -0.004173325 0.212335661 -1.321044445 -0.020394085 0.993342519 0.113378957 -0.421655864 -0.211395204 -0.115122922 0.970597148 -0.411712021
0.983533740 -0.006622994 0.180603206 -0.995068848 -0.012443773 0.994474888 0.104235530 -0.318297952 -0.180295691 -0.104766555 0.978017032 -0.347752422
0.984600246 -0.015878433 0.174098223 -0.026434442 -0.001206872 0.995225608 0.097593836 0.006849692 -0.174816608 -0.096301027 0.979880214 -0.061932202
0.987167895 -0.019069046 0.158542544 0.160938606 0.002438442 0.994528711 0.104436040 -0.060915738 -0.159666598 -0.102709308 0.981813252 -0.014534228
0.984616399 -0.013552648 0.174203590 -0.024824234 -0.003386899 0.995319784 0.096576735 0.019573979 -0.174697146 -0.095681049 0.979962289 -0.126661122
0.987222075 -0.019060379 0.158206552 0.157447323 0.002468602 0.994530857 0.104414597 -0.057844535 -0.159331486 -0.102689847 0.981869757 -0.024554042
0.987186193 -0.018888148 0.158450261 0.153373957 0.002313383 0.994559526 0.104144022 -0.055409405 -0.159555286 -0.102442980 0.981859207 -0.023485603
0.987205207 -0.019470043 0.158261612 0.154266924 0.002875955 0.994530022 0.104411826 -0.054492701 -0.159428835 -0.102620751 0.981861234 -0.021470767
0.993062675 -0.025469895 0.114794143 0.189815283 0.004075024 0.983127117 0.182878599 -0.065105341 -0.117515132 -0.181142122 0.976410687 -0.134141862
0.990700483 0.021281686 -0.134385988 0.109491035 0.004866704 0.981517076 0.191312969 -0.045687344 0.135973588 -0.190187871 0.972285807 0.023960143
0.932662010 0.055533126 -0.356451392 0.209376574 0.013810353 0.981860101 0.189103335 -0.483407468 0.360486895 -0.181292221 0.914976656 1.078032136
0.916624427 -0.017365471 -0.399372309 0.057797182 -0.007407281 0.998146653 -0.060402252 0.091301009 0.399681032 0.058324426 0.914796889 -0.123062834
0.963191986 -0.042525604 -0.265429437 0.067677245 -0.007654445 0.982668400 -0.185214102 0.080920666 0.268705428 0.180428460 0.946172774 -0.094500795
0.996760964 0.014691845 0.079068959 -0.571672857 -0.002069145 0.987531304 -0.157409489 -0.053115055 -0.080395788 0.156735986 0.984362841 -0.354192674
0.969941914 0.011219613 0.243077874 -0.478127658 -0.000985231 0.999109387 -0.042184018 0.119996347 -0.243334651 0.040676534 0.969089031 -0.382651210
0.973326385 0.008702345 0.229259998 -0.331958234 0.005378518 0.998140156 -0.060722336 0.331568748 -0.229362071 0.060335718 0.971469283 -0.292639643
0.982992053 -0.000028446 0.183647871 0.154180214 0.004481762 0.999705911 -0.023834191 -0.058337878 -0.183593184 0.024251886 0.982703090 0.015172776
0.980523467 0.006300066 0.196300909 0.000735603 -0.000068186 0.999496222 -0.031737167 0.016801918 -0.196401969 0.031105652 0.980029941 -0.105423950
0.990801811 0.001151972 0.135316238 -0.007847835 -0.000139759 0.999971926 -0.007489614 0.026360983 -0.135321066 0.007401812 0.990774155 -0.053823065
0.999060094 -0.008385716 -0.042527970 -0.029324953 0.000407618 0.982883036 -0.184230357 -0.003052096 0.043344922 0.184039861 0.981962621 0.026960397
0.999017179 -0.008938553 -0.043412734 -0.009175723 0.000609835 0.982133389 -0.188184828 -0.005806311 0.044319186 0.187973380 0.981173694 0.010794271
0.999017298 -0.008435866 -0.043513499 -0.005829731 0.000108016 0.982181787 -0.187933490 -0.006917266 0.044323549 0.187744081 0.981217325 0.008241820
0.999007642 -0.008353887 -0.043748628 -0.003795177 -0.000018316 0.982175529 -0.187966585 -0.006917726 0.044539075 0.187780887 0.981200635 0.008881845
0.998994231 -0.007916421 -0.044135828 0.001718730 -0.000534457 0.982120037 -0.188255087 -0.004308027 0.044836983 0.188089341 0.981127918 0.008155292
0.999014616 -0.008610561 -0.043541055 -0.004375990 0.000285509 0.982227921 -0.187691942 -0.011522003 0.044383373 0.187494561 0.981262386 0.004513077
0.999005735 -0.008288065 -0.043804627 -0.001738490 -0.000087800 0.982199788 -0.187839717 -0.010045393 0.044581715 0.187656820 0.981222332 0.006477573
0.999008179 -0.008500811 -0.043709923 -0.002727592 0.000143426 0.982217669 -0.187745988 -0.008879978 0.044528648 0.187553510 0.981244564 0.005103635
0.998996854 -0.007825195 -0.044091441 0.002432612 -0.000614303 0.982126236 -0.188222766 -0.005191568 0.044776239 0.188061073 0.981136143 0.010500617
0.999016464 -0.008218246 -0.043573767 -0.003971417 -0.000114589 0.982193172 -0.187874034 -0.008012647 0.044341851 0.187694266 0.981226087 0.007328395
0.999008656 -0.008069476 -0.043780923 -0.003181748 -0.000288573 0.982240498 -0.187626302 -0.010818128 0.044517446 0.187452912 0.981264293 0.006582248
0.999004602 -0.008081195 -0.043868352 -0.001992296 -0.000307403 0.982181907 -0.187932745 -0.009151446 0.044605419 0.187759161 0.981201708 0.009432556
0.999000847 -0.007787251 -0.044007450 0.000446528 -0.000630923 0.982146621 -0.188116223 -0.006145429 0.044686671 0.187956065 0.981160283 0.011046381
0.999019504 -0.008419291 -0.043464508 -0.006228012 0.000113403 0.982234597 -0.187657207 -0.010313613 0.044272274 0.187468275 0.981272399 0.008458159
0.999008715 -0.008164420 -0.043759570 -0.002561359 -0.000192564 0.982234776 -0.187656119 -0.011146176 0.044514269 0.187478542 0.981259525 0.007560010
0.999018133 -0.007512767 -0.043663893 -0.005032745 -0.000833323 0.982158065 -0.188055381 -0.006015777 0.044297662 0.187907115 0.981187344 0.011570646
0.998993039 -0.007894653 -0.044164751 0.004093871 -0.000568402 0.982090235 -0.188410193 -0.001777346 0.044861209 0.188245624 0.981096804 0.009125124
0.999016941 -0.008422658 -0.043522079 -0.004853339 0.000096407 0.982194424 -0.187867329 -0.009209218 0.044329479 0.187678456 0.981229722 0.007819942
0.999010146 -0.008089037 -0.043741420 -0.002040010 -0.000279922 0.982164621 -0.188023359 -0.006117529 0.044482205 0.187849492 0.981190026 0.008313244
0.999014735 -0.008306082 -0.043596942 -0.002955847 -0.000024958 0.982225358 -0.187705338 -0.011380933 0.044381119 0.187521473 0.981257379 0.008241355
0.998999476 -0.007906317 -0.044018928 0.001560076 -0.000516279 0.982145607 -0.188121736 -0.007209802 0.044720341 0.187956229 0.981158793 0.010036929
0.999018073 -0.008139901 -0.043551266 -0.004315618 -0.000188640 0.982187808 -0.187901899 -0.009732787 0.044305023 0.187725604 0.981221735 0.008381775
0.999004424 -0.007936922 -0.043901891 0.000021233 -0.000457914 0.982171893 -0.187984675 -0.007873530 0.044611223 0.187817588 0.981190264 0.005084423
0.999009550 -0.008362256 -0.043704778 -0.001454120 0.000009293 0.982222438 -0.187721133 -0.012472169 0.044497587 0.187534779 0.981249511 0.008706721
0.999011040 -0.008303354 -0.043682456 -0.000372839 -0.000039799 0.982241869 -0.187619090 -0.013712507 0.044464603 0.187435254 0.981270015 0.006282935
0.999002218 -0.008352928 -0.043874592 0.000123679 -0.000036148 0.982204080 -0.187816903 -0.009213638 0.044662625 0.187631086 0.981223643 0.006978945
0.999015093 -0.008087804 -0.043628830 -0.001046648 -0.000246227 0.982222557 -0.187720105 -0.010654201 0.044371456 0.187545970 0.981253147 0.007174399
0.998998046 -0.008332080 -0.043972593 0.002193331 -0.000083304 0.982169509 -0.187997445 -0.009580390 0.044754948 0.187812731 0.981184661 0.007781750
0.999008894 -0.008357815 -0.043718878 -0.000726504 -0.000006753 0.982184350 -0.187920243 -0.010929899 0.044510596 0.187734276 0.981210828 0.006124047
0.999003351 -0.008092440 -0.043896861 0.000807622 -0.000295797 0.982206762 -0.187802717 -0.009557497 0.044635575 0.187628523 0.981225371 0.008678298
0.999006569 -0.008313459 -0.043782122 -0.000168035 -0.000056948 0.982206643 -0.187803254 -0.010723989 0.044564396 0.187619194 0.981230319 0.004239744
0.998997808 -0.008229116 -0.043996073 0.000731880 -0.000194860 0.982144713 -0.188126966 -0.007914562 0.044758633 0.187946975 0.981158793 0.008251201
0.999009609 -0.008433013 -0.043688785 -0.000899836 0.000086852 0.982243419 -0.187611148 -0.014389126 0.044495150 0.187421560 0.981271267 0.006755358
0.999009013 -0.007784583 -0.043822665 -0.000535666 -0.000594093 0.982166290 -0.188013643 -0.007849664 0.044504739 0.187853366 0.981188297 0.008711500
0.999004722 -0.007878411 -0.043903645 0.001442493 -0.000503724 0.982222617 -0.187719628 -0.012134362 0.044602081 0.187554911 0.981240928 0.008298035
0.999006212 -0.007823697 -0.043880872 0.002234674 -0.000567001 0.982164562 -0.188022569 -0.009267321 0.044569265 0.187860578 0.981183946 0.005603891
0.999006569 -0.008005389 -0.043838505 0.001395204 -0.000370440 0.982206643 -0.187803328 -0.011810130 0.044561900 0.187633052 0.981227815 0.006905134
0.999004483 -0.008062026 -0.043877713 0.001293976 -0.000334133 0.982156098 -0.188067421 -0.008200358 0.044610973 0.187894836 0.981175482 0.007001905
0.999005795 -0.008285604 -0.043805279 -0.001812831 -0.000100231 0.982158124 -0.188057378 -0.008096171 0.044581875 0.187874794 0.981180668 0.008914086
0.999015272 -0.008653904 -0.043516684 -0.005673173 0.000324023 0.982191205 -0.187883914 -0.008429610 0.044367630 0.187684774 0.981226742 0.007869270
0.999006391 -0.008113844 -0.043821845 -0.000831675 -0.000265037 0.982188225 -0.187899351 -0.009120498 0.044565879 0.187724277 0.981210232 0.009022371
0.999014258 -0.008129794 -0.043641143 -0.003284460 -0.000216039 0.982185423 -0.187914237 -0.009605089 0.044391394 0.187738404 0.981215417 0.009691170
0.999010623 -0.007899017 -0.043767087 0.000073151 -0.000475436 0.982148111 -0.188108712 -0.010728984 0.044471640 0.187943399 0.981172562 0.009753053
0.999013782 -0.007947751 -0.043687101 -0.003965326 -0.000402264 0.982191324 -0.187883407 -0.007382933 0.044402335 0.187715679 0.981219232 0.008825887
0.999011636 -0.008268316 -0.043674860 -0.001412269 -0.000086039 0.982186139 -0.187910780 -0.007971814 0.044450548 0.187728822 0.981214523 0.008695766
0.999003708 -0.008265953 -0.043855246 0.000504152 -0.000134404 0.982135177 -0.188177139 -0.006117949 0.044627238 0.187995538 0.981155515 0.008047119
0.999008775 -0.007833192 -0.043817781 -0.000128492 -0.000550085 0.982146382 -0.188117325 -0.007775446 0.044509027 0.187954977 0.981168628 0.007972288
0.999011397 -0.008062618 -0.043716677 -0.001981921 -0.000301670 0.982162774 -0.188032925 -0.006504861 0.044452924 0.187860236 0.981189311 0.007784895
0.999017596 -0.007977836 -0.043593328 -0.003811728 -0.000359406 0.982172906 -0.187979832 -0.006405420 0.044315856 0.187810838 0.981204867 0.009863752
0.999007463 -0.007385641 -0.043927282 -0.000150617 -0.000979649 0.982276857 -0.187433004 -0.018113663 0.044533070 0.187289953 0.981294632 0.022249311
0.999052107 -0.007733406 -0.042838305 -0.022372749 -0.000474393 0.982100308 -0.188357711 -0.033682927 0.043528154 0.188199475 0.981165767 0.139013052
0.999064267 -0.008356023 -0.042435195 -0.030009083 0.000216910 0.982114613 -0.188283905 -0.042212129 0.043249525 0.188098505 0.981197417 0.267123342
0.999019444 -0.008575130 -0.043435961 -0.015289190 0.000198217 0.981920838 -0.189291954 -0.055673771 0.044273883 0.189097717 0.980959654 0.361504883
0.999020994 -0.008473412 -0.043419972 -0.021926060 0.000105112 0.981937289 -0.189206690 -0.076670818 0.044238910 0.189016894 0.980976820 0.476426005
0.999020815 -0.008325264 -0.043452177 -0.221597463 -0.000041552 0.981958866 -0.189094722 -0.111990660 0.044242512 0.188911378 0.980996966 0.607924759
0.998988986 -0.008955620 -0.044054277 -0.416898131 0.000475421 0.982006311 -0.188847423 -0.124248341 0.044952825 0.188635558 0.981017768 0.709574699
0.998996735 -0.008567961 -0.043955099 -0.616401494 0.000124396 0.982053995 -0.188599959 -0.149810225 0.044782199 0.188405290 0.981069863 0.797931433
0.999022186 -0.009548459 -0.043170147 -0.848067522 0.001215341 0.981963336 -0.189067692 -0.159969941 0.044196814 0.188830361 0.981014609 0.884981692
0.999035180 -0.008592805 -0.043068372 -1.073450923 0.000299953 0.981984079 -0.188963190 -0.184116468 0.043916177 0.188767955 0.981039166 1.000002384
0.999005914 -0.009688228 -0.043513190 -1.258529425 0.001295081 0.981993914 -0.188907936 -0.226517096 0.044559877 0.188663781 0.981030285 1.101203203
0.998983502 -0.008947551 -0.044179920 -1.447848916 0.000490277 0.982200623 -0.187834501 -0.265690893 0.045074195 0.187621891 0.981206536 1.183580399
0.999046087 -0.009130432 -0.042701729 -1.691202521 0.000924113 0.982097566 -0.188370451 -0.258209229 0.043657165 0.188151315 0.981169224 1.287219644
0.999096274 -0.007498013 -0.041837744 -1.934651375 -0.000530140 0.982042670 -0.188658074 -0.289013952 0.042501014 0.188509762 0.981151223 1.382180572
0.999106348 -0.007991779 -0.041505784 -2.143929958 -0.000006355 0.981934547 -0.189220726 -0.295731306 0.042268172 0.189051867 0.981056988 1.480410099
0.999086022 -0.007906105 -0.042007823 -2.333811283 -0.000179043 0.981963694 -0.189069271 -0.330903679 0.042744961 0.188903987 0.981064796 1.577833176
0.999091625 -0.008418733 -0.041774798 -2.539918900 0.000399461 0.982098877 -0.188365445 -0.349826753 0.042612784 0.188177675 0.981210053 1.689684629
0.999078333 -0.008750357 -0.042021327 -2.737583160 0.000624433 0.981858850 -0.189612210 -0.407911688 0.042918187 0.189411253 0.980959356 1.783316612
0.999446332 -0.008839981 -0.032076359 -2.956258059 0.000622299 0.968857229 -0.247619182 -0.422793567 0.033266362 0.247462153 0.968326330 1.836607933
0.999665737 0.015117082 0.020971034 -2.977501392 -0.007819582 0.950024068 -0.312079072 -0.418807149 -0.024640707 0.311810762 0.949824691 1.698364496
0.997516870 0.031291202 0.063095011 -3.174723625 -0.006938677 0.935184002 -0.354094297 -0.414457947 -0.070085481 0.352777183 0.933079004 1.783648968
0.994284034 0.047987130 0.095376842 -3.465345144 -0.005620709 0.915592194 -0.402068913 -0.476713479 -0.106620416 0.399234593 0.910628319 1.901700020
0.994287610 0.051348481 0.093570203 -3.658013821 -0.005499294 0.900152504 -0.435540080 -0.470962197 -0.106591769 0.432537675 0.895292938 1.979092598
0.994068086 0.053095330 0.094918363 -3.901212454 -0.003155071 0.886447966 -0.462817639 -0.506968319 -0.108713627 0.459772766 0.881357133 2.086294651
0.993137300 0.059483666 0.100697413 -4.127187252 -0.004033821 0.877908468 -0.478811443 -0.518646121 -0.116884582 0.475119352 0.872123659 2.167457819
0.992907822 0.054966886 0.105416507 -4.371343136 0.001946912 0.879061997 -0.476703376 -0.545387208 -0.118870541 0.473527730 0.872720599 2.254296780
0.992174566 0.056312021 0.111439675 -4.608284473 0.004125437 0.877249897 -0.480016321 -0.554326713 -0.124791130 0.476719648 0.870152652 2.369740248
0.994491220 0.058887623 0.086715169 -4.802244663 -0.003179914 0.843843877 -0.536579311 -0.571168542 -0.104771949 0.533347666 0.839382589 2.467764139
0.996431053 0.052390419 0.066185147 -5.031054497 -0.001962204 0.798245549 -0.602328897 -0.596211791 -0.084388271 0.600049317 0.795499384 2.574635506
0.996015489 0.055416338 0.069873214 -5.260393620 0.001887192 0.770227015 -0.637767076 -0.597457230 -0.089160942 0.635357738 0.767053366 2.658396244
0.996159732 0.056393556 0.066973433 -5.459537506 -0.000398234 0.767850459 -0.640628874 -0.613810301 -0.087552920 0.638142169 0.764924288 2.744598866
0.996017754 0.056392685 0.069053151 -5.678037643 0.000994186 0.767462432 -0.641093135 -0.637025237 -0.089148656 0.638608754 0.764350235 2.846196651
0.995789051 0.056706149 0.072031133 -5.904089451 0.002654266 0.767570138 -0.640959501 -0.676011920 -0.091635272 0.638451576 0.764187455 2.957279205
0.995504677 0.055882540 0.076468781 -6.127445698 0.006243538 0.766906679 -0.641728103 -0.669266164 -0.094505817 0.639320731 0.763110340 3.048768282
0.995326579 0.056771770 0.078114673 -6.335115433 0.006638676 0.766785324 -0.641869426 -0.689566731 -0.096337229 0.639388204 0.762824893 3.150285959
0.995483577 0.056648929 0.076179884 -6.554333210 0.005525082 0.766518652 -0.642198205 -0.671558559 -0.094773166 0.639718592 0.762743831 3.227285862
0.995390117 0.055917289 0.077921174 -6.775145054 0.007279858 0.766058624 -0.642729461 -0.692256629 -0.095631890 0.640333772 0.762120247 3.336445093
0.995159268 0.056323670 0.080534354 -6.991493702 0.008643422 0.766134918 -0.642621577 -0.715034127 -0.097895011 0.640206933 0.761939466 3.430932283
0.995132208 0.055866960 0.081183448 -7.214771271 0.009455763 0.765859425 -0.642938435 -0.722081363 -0.098094136 0.640576303 0.761603177 3.524528027
0.993966937 0.060034368 0.091789775 -7.431170940 0.009417539 0.787088096 -0.616768718 -0.733667612 -0.109273940 0.613912284 0.781774223 3.618825912
0.991048634 0.066693775 0.115648456 -7.663992405 0.010139355 0.826166749 -0.563334525 -0.744424939 -0.133115828 0.559464455 0.818095267 3.704848528
0.986486197 0.071802586 0.147273377 -7.894180775 0.012731762 0.862548590 -0.505814016 -0.770480871 -0.163349196 0.500853539 0.849978030 3.803285360
0.986821651 0.066034563 0.147724450 -8.104200363 0.011818247 0.881088197 -0.472804338 -0.761119962 -0.161379725 0.468319386 0.868696451 3.873044252
0.990692317 0.044637840 0.128592983 -8.337959290 0.012030329 0.912292480 -0.409362495 -0.764294386 -0.135587454 0.407099277 0.903264165 4.023335457
0.990150392 0.033482134 0.135946333 -8.571917534 0.013008420 0.944783926 -0.327435672 -0.789171338 -0.139403179 0.325978875 0.935042620 4.054235458
0.988194585 0.024700528 0.151199654 -8.775853157 0.012913253 0.969976485 -0.242855906 -0.812960923 -0.152658746 0.241941437 0.958206415 4.144233704
0.982472420 0.009714480 0.186154589 -9.014002800 0.012747248 0.992802143 -0.119085856 -0.869562387 -0.185971528 0.119371526 0.975276887 4.212726593
0.982394576 0.010481097 0.186523870 -9.214732170 0.012132024 0.992738187 -0.119681321 -0.877876818 -0.186423764 0.119837180 0.975133419 4.295271873
0.982006550 0.009494622 0.188608393 -9.444799423 0.012804262 0.993089497 -0.116659045 -0.931449294 -0.188412681 0.116974920 0.975098729 4.368223190
0.981396854 0.009499027 0.191755027 -9.721183777 0.013934048 0.992617309 -0.120485656 -0.918233514 -0.191483870 0.120916158 0.974019110 4.496878147
0.981390834 0.008971407 0.191811115 -9.906506538 0.014417294 0.992645860 -0.120193392 -0.919200540 -0.191478819 0.120722085 0.974044144 4.569194794
0.981071830 0.008875507 0.193440318 -10.135940552 0.014253571 0.992929399 -0.117847875 -0.985891223 -0.193118542 0.118374445 0.974008560 4.695927620
0.980499268 0.009049703 0.196314141 -10.382881165 0.014271467 0.993022740 -0.117055885 -1.017831087 -0.196003750 0.117574878 0.973528981 4.770744324
0.979939401 0.008439902 0.199116796 -10.643510818 0.015147506 0.993058801 -0.116639875 -1.055208445 -0.198719084 0.117316127 0.973009586 4.894734383
0.980181992 0.009714584 0.197860643 -10.824666977 0.014457738 0.992625237 -0.120358244 -1.020366311 -0.197570711 0.120833598 0.972812951 4.975913048
0.980143487 0.009402359 0.198066145 -11.021650314 0.014862220 0.992581904 -0.120665371 -1.036359310 -0.197731420 0.121213071 0.972733140 5.074779510
0.986063600 -0.016337767 0.165564686 -11.218338966 0.013915204 0.999778628 0.015781607 -1.095366597 -0.165785924 -0.013257801 0.986072600 5.189799786
0.984244347 -0.030922994 0.174088955 -11.434983253 0.013217927 0.994701087 0.101956308 -1.133021832 -0.176319242 -0.098048821 0.979437590 5.278487206
0.978675783 -0.051291183 0.198904499 -11.687930107 0.013281499 0.982097864 0.187902629 -1.130386591 -0.204981431 -0.181253999 0.961836636 5.400173664
0.974978387 -0.079994127 0.207407996 -11.808327675 0.013001903 0.951933861 0.306027412 -1.165521622 -0.221919134 -0.295673460 0.929155052 5.470144272
0.972792745 -0.119583808 0.198428854 -12.004141808 0.014488643 0.886213899 0.463049620 -1.224092722 -0.231223643 -0.447576344 0.863835037 5.565689087
0.972242236 -0.140783519 0.186882243 -12.271265030 0.013743242 0.831704915 0.555047810 -1.267399549 -0.233572513 -0.537072599 0.810553491 5.692632675
0.972370148 -0.141432509 0.185723126 -12.432506561 0.014710910 0.831120670 0.555897415 -1.319235802 -0.232980296 -0.537805974 0.810237586 5.810186386
0.972593665 -0.138352960 0.186868519 -12.583794594 0.011987071 0.832465053 0.553947866 -1.229693174 -0.232201844 -0.536526322 0.811308682 5.919403076
0.972783625 -0.138569564 0.185715556 -12.717518806 0.012717431 0.832203269 0.554324687 -1.261689663 -0.231365636 -0.536876261 0.811316013 6.064422131
0.972888708 -0.135922939 0.187116608 -12.920205116 0.010169785 0.833429039 0.552532792 -1.204682350 -0.231050342 -0.535650015 0.812216043 6.149710655
0.972344697 -0.138562337 0.188005343 -13.099306107 0.011256275 0.831858397 0.554873824 -1.284270525 -0.233278409 -0.537412465 0.810412884 6.344827652
0.971791148 -0.140133098 0.189696193 -13.495314598 0.011607289 0.831776083 0.554989994 -1.370103121 -0.235557199 -0.537132442 0.809939086 6.357627392
0.971924424 -0.139302477 0.189625636 -13.660142899 0.011021265 0.831978917 0.554697692 -1.358554125 -0.235035315 -0.537034214 0.810155869 6.461381912
0.971730232 -0.139764458 0.190279379 -13.853851318 0.010920630 0.831693590 0.555127442 -1.392899990 -0.235841244 -0.537356138 0.809708178 6.594680786
0.971679568 -0.139856935 0.190469876 -14.029005051 0.010907275 0.831729591 0.555073619 -1.383308053 -0.236050352 -0.537276149 0.809700251 6.701841831
0.971675396 -0.138873175 0.191209599 -14.215970039 0.009476184 0.831361115 0.555651903 -1.407302856 -0.236129314 -0.538101375 0.809129119 6.846549034
0.971792758 -0.137706891 0.191456378 -14.397872925 0.008488403 0.831716716 0.555135250 -1.410158157 -0.235683426 -0.537851274 0.809425354 6.931869507
0.894666076 -0.177837253 0.409812689 -14.794745445 0.008405953 0.923888862 0.382568359 -1.503960609 -0.446656406 -0.338826060 0.828067005 6.937932968
0.894783258 -0.177512199 0.409697831 -14.983783722 0.007820590 0.923664868 0.383121431 -1.528745413 -0.446432233 -0.339606613 0.827868104 7.062777996
0.894083381 -0.178094894 0.410971045 -15.196543694 0.007803393 0.923603952 0.383268535 -1.546912909 -0.447832763 -0.339467019 0.827168703 7.185893059
0.894063830 -0.176935777 0.411513746 -15.392949104 0.006099405 0.923405111 0.383778453 -1.575705290 -0.447898030 -0.340612501 0.826662302 7.306880951
0.855256081 -0.223580375 0.467492104 -15.654396057 0.007569041 0.907429814 0.420135468 -1.613853455 -0.518150330 -0.355784923 0.777777195 7.432142735
0.760371387 -0.320139676 0.565106988 -15.931774139 0.004824444 0.872840047 0.487982601 -1.648428440 -0.649470568 -0.368321687 0.665227115 7.572730541
0.661444902 -0.391495883 0.639704227 -16.101272583 0.005512401 0.855460823 0.517838240 -1.661861658 -0.749973416 -0.338995188 0.567998290 7.548263550
0.460490435 -0.542190671 0.702835560 -18.312419891 0.022152619 0.798553288 0.601516187 -3.951218128 -0.887388229 -0.261422873 0.379737079 10.001880646
0.466658592 -0.538927674 0.701275170 -18.338466644 0.024910666 0.800599694 0.598681629 -3.869982719 -0.884086668 -0.261910677 0.387031764 9.993698120
0.471991569 -0.537900567 0.698489070 -18.319755554 0.026887223 0.800708592 0.598450482 -3.872943401 -0.881193042 -0.263683081 0.392390341 10.006549835
0.475301206 -0.537040114 0.696905077 -18.422922134 0.025802471 0.800264418 0.599091947 -3.940869570 -0.879444778 -0.266767204 0.394223511 10.096792221
0.476104409 -0.538365364 0.695332587 -18.560121536 0.021698490 0.797650993 0.602728903 -4.069517136 -0.879121065 -0.271874189 0.391446888 10.226875305
0.483595133 -0.536981165 0.691221356 -18.617593765 0.024149738 0.797588885 0.602717996 -4.108813286 -0.874958575 -0.274778664 0.398678035 10.140390396
0.493185937 -0.545576215 0.677579641 -18.531145096 0.035561297 0.790888131 0.610926688 -4.377752304 -0.869196832 -0.277204841 0.409456342 9.957534790
0.498198956 -0.530174911 0.686084867 -18.773216248 0.038527533 0.804029167 0.593340337 -3.913683414 -0.866206408 -0.269168347 0.420992792 9.842905045
0.503971040 -0.529522836 0.682362616 -18.825445175 0.036991175 0.802534759 0.595457673 -3.982841730 -0.862928152 -0.274851948 0.424041808 9.873631477
0.506856441 -0.516478419 0.690178752 -19.102010727 0.033155575 0.811730802 0.583090007 -3.684046268 -0.861392677 -0.272659659 0.428555101 9.892667770
0.515660286 -0.524073064 0.677821457 -18.896059036 0.045553748 0.806765318 0.589113355 -3.848262787 -0.855581343 -0.272905052 0.439890355 9.822757721
0.532294571 -0.518907905 0.668877423 -18.699113846 0.042208992 0.805398226 0.591229379 -3.914166927 -0.845506370 -0.286475509 0.450611651 9.645759583
0.532300055 -0.524467409 0.664522767 -18.918666840 0.054510079 0.804577768 0.591340363 -3.983245373 -0.844799042 -0.278547287 0.456865549 9.615764618
0.526704788 -0.521104097 0.671589673 -19.192684174 0.045928150 0.806352139 0.589649916 -3.953220367 -0.848806679 -0.279726535 0.448642880 9.963232040
0.524803758 -0.521549523 0.672731161 -19.158981323 0.046442270 0.806677520 0.589164376 -3.897906303 -0.849955440 -0.277952492 0.447569251 10.178431511
0.544505537 -0.512332022 0.664100647 -19.046621323 0.047968011 0.809492528 0.585167468 -3.795633554 -0.837384522 -0.286771297 0.465348631 9.802499771
0.549786747 -0.513521373 0.658809781 -19.272602081 0.056849748 0.809880137 0.583834171 -3.885658026 -0.833368242 -0.283531100 0.474454910 9.686790466
0.551739097 -0.506971836 0.662241340 -19.483503342 0.062106274 0.816808641 0.573556006 -3.638029575 -0.831701219 -0.275323898 0.482151330 9.567721367
0.554029465 -0.496802121 0.668011248 -19.786113739 0.054041669 0.822188735 0.566643894 -3.496313572 -0.830741227 -0.277836919 0.482364774 9.706800461
0.553281367 -0.503427625 0.663656771 -20.023330688 0.058739889 0.818308175 0.571770370 -3.735686779 -0.830920815 -0.277366787 0.482325912 9.741502762
