1.000000000 0.000000000 0.000000000 0.000000000 0.000000000 1.000000000 0.000000000 0.000000000 0.000000000 0.000000000 1.000000000 0.000000000
1.000000000 -0.000066801 0.000037697 -0.011676627 0.000066799 1.000000000 0.000049328 -0.008714184 -0.000037701 -0.000049326 1.000000000 0.024382092
1.000000000 -0.000059290 0.000032317 -0.014746369 0.000059290 1.000000000 -0.000006567 0.004918798 -0.000032316 0.000006569 1.000000000 0.023267804
0.999961078 -0.000038337 0.008821270 -0.571587145 -0.000022351 0.999976337 0.006879518 0.084412321 -0.008821325 -0.006879447 0.999937415 0.194914803
0.999942601 -0.000038063 0.010716420 -0.538208008 -0.000083839 0.999935329 0.011374533 -0.008494750 -0.010716159 -0.011374778 0.999877870 -0.663918555
0.999520242 -0.001479987 0.030936582 -0.790196776 0.000426614 0.999420762 0.034028329 0.348159701 -0.030969024 -0.033998806 0.998941958 -1.903673053
0.998879850 -0.002024631 0.047275603 -1.537822962 0.000060452 0.999137998 0.041511919 0.667417765 -0.047318898 -0.041462559 0.998018920 -2.394508839
0.998795092 -0.002330471 0.049020007 -1.978755951 0.000285783 0.999131083 0.041677017 0.574094057 -0.049074538 -0.041612789 0.997927904 -1.987418771
0.998798966 -0.002755929 0.048918888 -2.029001713 0.000718908 0.999133706 0.041609641 0.598725140 -0.048991181 -0.041524496 0.997935653 -2.720441580
0.998790741 -0.000802177 0.049156968 -2.151765108 -0.001255215 0.999124885 0.041808352 0.614831626 -0.049147487 -0.041819498 0.997915626 -2.627168655
0.998781502 -0.002312449 0.049296457 -2.149775028 0.000244527 0.999121189 0.041913517 0.584694445 -0.049350061 -0.041850392 0.997904360 -2.010587454
0.998783588 -0.001691065 0.049279060 -2.138545036 -0.000372960 0.999124050 0.041845147 0.641274393 -0.049306657 -0.041812629 0.997908115 -2.094617367
0.998780191 -0.002362822 0.049320493 -2.127240419 0.000302971 0.999128878 0.041730374 0.631548882 -0.049376126 -0.041664530 0.997910857 -2.285363674
0.998775601 -0.001176159 0.049456667 -2.247093916 -0.000894507 0.999124527 0.041825321 0.611011207 -0.049462564 -0.041818347 0.997900128 -2.610233545
0.998802423 -0.001730639 0.048895635 -2.068000793 -0.000315015 0.999126017 0.041798506 0.621175587 -0.048925240 -0.041763850 0.997928917 -2.631336927
0.998769164 -0.001471442 0.049578324 -2.257284164 -0.000612737 0.999117553 0.041996714 0.548969865 -0.049596369 -0.041975401 0.997886896 -2.452916145
0.998788416 -0.001906668 0.049173392 -2.079457283 -0.000151119 0.999125600 0.041809935 0.531445503 -0.049210113 -0.041766711 0.997914791 -2.621819973
0.998794019 -0.002831377 0.049014602 -2.083059311 0.000794393 0.999136984 0.041528415 0.639320135 -0.049089883 -0.041439399 0.997934341 -3.100964546
0.998787403 -0.002306302 0.049177621 -2.062680244 0.000245217 0.999122798 0.041875951 0.584561825 -0.049231060 -0.041813113 0.997911811 -1.937017560
0.998788834 -0.002220936 0.049151763 -1.992904425 0.000167223 0.999128163 0.041747823 0.626791358 -0.049201630 -0.041689042 0.997918427 -2.377041340
0.998811126 -0.002284187 0.048694380 -1.974895120 0.000242033 0.999121666 0.041902896 0.525253475 -0.048747323 -0.041841291 0.997934341 -2.699090958
0.998798251 -0.001472696 0.048988026 -2.113963366 -0.000588524 0.999115944 0.042034969 0.582738042 -0.049006626 -0.042013284 0.997914433 -2.774131060
0.998801053 -0.002096451 0.048908524 -2.128194809 0.000054359 0.999129474 0.041717321 0.652948320 -0.048953407 -0.041664645 0.997931659 -2.998680592
0.998795986 -0.001652545 0.049029637 -2.078011751 -0.000393180 0.999130726 0.041685294 0.697323203 -0.049055904 -0.041654382 0.997927070 -2.423921585
0.998784959 -0.002651570 0.049209386 -2.061391354 0.000596434 0.999128699 0.041730858 0.634832263 -0.049277160 -0.041650806 0.997916341 -2.439049721
0.998787463 -0.002665407 0.049158491 -2.074313164 0.000613273 0.999129415 0.041713178 0.647918224 -0.049226876 -0.041632451 0.997919559 -2.574291468
0.998791456 -0.002613336 0.049078912 -2.056598186 0.000556939 0.999123037 0.041866824 0.635651350 -0.049145285 -0.041788895 0.997917056 -2.750558376
0.998801231 -0.002841717 0.048867635 -2.054445505 0.000805529 0.999132514 0.041636720 0.633898437 -0.048943561 -0.041547444 0.997937024 -2.901053667
0.998793364 -0.001304146 0.049092479 -2.100138903 -0.000757025 0.999119699 0.041943479 0.594883382 -0.049103964 -0.041930035 0.997913182 -2.356221914
0.998809397 -0.001869450 0.048747312 -1.978335857 -0.000161610 0.999133170 0.041627862 0.700899363 -0.048782878 -0.041586179 0.997943282 -2.545823812
0.998814940 -0.001137265 0.048655797 -2.006283760 -0.000889708 0.999133229 0.041617490 0.700178564 -0.048660953 -0.041611463 0.997948170 -2.696871758
0.998806357 -0.002390119 0.048786387 -2.038284302 0.000363617 0.999138236 0.041504961 0.713724732 -0.048843548 -0.041437678 0.997946501 -2.744515181
0.998779893 -0.002004663 0.049342815 -2.111526966 -0.000060748 0.999125123 0.041821346 0.703953385 -0.049383484 -0.041773316 0.997905910 -1.794389129
0.998772264 -0.002323759 0.049483567 -2.142852068 0.000256233 0.999128163 0.041747488 0.674630523 -0.049537439 -0.041683555 0.997902036 -2.359038591
0.998785436 -0.002598513 0.049202684 -2.031231642 0.000549645 0.999133825 0.041609198 0.664711177 -0.049268186 -0.041531615 0.997921705 -2.177467823
0.998823106 -0.002400545 0.048441716 -1.896954417 0.000393091 0.999142230 0.041407648 0.828000307 -0.048499566 -0.041339874 0.997967362 -1.585852623
0.998798013 -0.003014560 0.048922274 -2.048732996 0.000972507 0.999129236 0.041710999 0.648038507 -0.049005415 -0.041613288 0.997931242 -2.234811544
0.998808026 -0.001921847 0.048773002 -2.032477379 -0.000125434 0.999120235 0.041937973 0.632785559 -0.048810691 -0.041894101 0.997929037 -2.582275152
0.998781502 -0.002212451 0.049300905 -2.101152658 0.000137277 0.999115288 0.042055689 0.645291388 -0.049350332 -0.041997675 0.997898161 -1.714726448
0.998825014 -0.002607912 0.048391659 -1.933782816 0.000595568 0.999136150 0.041552432 0.734287262 -0.048458219 -0.041474786 0.997963727 -2.276737690
0.998793304 -0.002742233 0.049035188 -2.081765652 0.000694079 0.999128401 0.041737400 0.682200432 -0.049106900 -0.041653000 0.997924626 -2.614056110
0.998808503 -0.002376611 0.048743259 -2.064816713 0.000362539 0.999147236 0.041287288 0.828498423 -0.048799817 -0.041220423 0.997957647 -2.399060011
0.998781562 -0.001855189 0.049314417 -2.158908367 -0.000206861 0.999126971 0.041776385 0.678372979 -0.049348868 -0.041735686 0.997909248 -2.115738153
0.998785675 -0.003139922 0.049165998 -2.029956341 0.001109537 0.999147415 0.041269492 0.771472275 -0.049253665 -0.041164827 0.997937620 -2.347041130
0.998797119 -0.002765174 0.048956189 -2.061494350 0.000718535 0.999126852 0.041773871 0.660055041 -0.049028955 -0.041688442 0.997926950 -2.477257490
0.998802781 -0.002703153 0.048843607 -2.031387568 0.000662674 0.999128103 0.041743759 0.655372620 -0.048913863 -0.041661415 0.997933745 -2.551351547
0.998796582 -0.002385765 0.048986379 -2.165700674 0.000345169 0.999133348 0.041622669 0.656815767 -0.049043227 -0.041555673 0.997931778 -2.632384777
0.998784244 -0.002124293 0.049250033 -2.079740047 0.000063737 0.999125898 0.041802537 0.705787659 -0.049295787 -0.041748576 0.997911334 -1.469478130
0.998795331 -0.002178542 0.049022332 -1.970804930 0.000137404 0.999134243 0.041601792 0.758778870 -0.049070522 -0.041544940 0.997930884 -1.716297865
0.998788595 -0.002544975 0.049141403 -2.016084194 0.000491892 0.999128103 0.041746072 0.694263875 -0.049204800 -0.041671328 0.997919023 -1.834087849
0.998781800 -0.002235385 0.049294781 -2.088941097 0.000174777 0.999127388 0.041766480 0.717577815 -0.049345132 -0.041706983 0.997910619 -1.816452742
0.998782098 -0.002479605 0.049275957 -2.087075949 0.000433430 0.999138713 0.041492198 0.784898400 -0.049336404 -0.041420307 0.997922957 -1.979692101
0.998781800 -0.001994752 0.049304977 -2.163903713 -0.000056318 0.999135852 0.041563295 0.752012968 -0.049345281 -0.041515440 0.997918606 -2.064438105
0.998799622 -0.002357704 0.048926409 -1.938998342 0.000302456 0.999118745 0.041971873 0.619410932 -0.048982248 -0.041906692 0.997920096 -1.863777399
0.998776257 -0.003095567 0.049359508 -2.066587448 0.001044082 0.999136567 0.041533846 0.724451125 -0.049445458 -0.041431487 0.997917116 -1.988329768
0.998781979 -0.003358067 0.049226444 -2.030034781 0.001317555 0.999140739 0.041425541 0.778317213 -0.049323257 -0.041310228 0.997928202 -2.157916546
0.998783171 -0.002910362 0.049231134 -2.055245876 0.000845517 0.999121010 0.041910771 0.647721708 -0.049309835 -0.041818146 0.997907698 -1.661085367
0.998786926 -0.002903418 0.049154989 -2.077485323 0.000864712 0.999140382 0.041445628 0.762250304 -0.049233068 -0.041352846 0.997930884 -2.354637146
0.998866677 -0.003056090 0.047497705 -2.269133806 0.000977490 0.999043167 0.043723863 0.612383068 -0.047585882 -0.043627881 0.997913897 -2.467911482
0.998853505 -0.001979567 0.047829989 -2.394116640 -0.000136962 0.999022365 0.044207342 0.509009600 -0.047870740 -0.044163212 0.997876763 -2.483844757
0.998793423 -0.002669148 0.049036469 -2.682678461 0.000487784 0.999011815 0.044442736 0.461377233 -0.049106639 -0.044365194 0.997807741 -1.778052926
0.998820543 -0.001941423 0.048515089 -2.488802910 -0.000214410 0.999014199 0.044391692 0.525986731 -0.048553444 -0.044349737 0.997835517 -1.896991611
0.998820245 -0.003074446 0.048463508 -2.447351217 0.000921535 0.999014139 0.044383228 0.576006234 -0.048552185 -0.044286203 0.997838378 -1.604755998
0.998866737 -0.003378762 0.047474571 -2.017440796 0.001264004 0.999008358 0.044504665 0.624883115 -0.047577865 -0.044394221 0.997880518 1.868025303
0.998915732 -0.002744561 0.046474144 -1.499483347 0.000662031 0.998997271 0.044766743 0.698736072 -0.046550408 -0.044687435 0.997915864 5.954805851
0.998909295 -0.002043251 0.046648629 -1.304271340 -0.000059666 0.998985469 0.045034103 0.892100334 -0.046693318 -0.044987764 0.997895718 10.501417160
0.998372138 -0.004591067 0.056850441 -1.637881041 0.002423473 0.999269545 0.038138408 1.245954037 -0.056984007 -0.037938550 0.997654021 13.751604080
0.998005033 0.002271316 0.063093238 -1.222431064 -0.002841011 0.999956012 0.008941168 1.528379202 -0.063070156 -0.009102579 0.997967601 20.022260666
0.997569799 0.008350241 0.069171950 -1.435132504 -0.007344075 0.999863684 -0.014787422 1.868088365 -0.069285996 0.014243483 0.997495174 28.051340103
0.997814417 0.010146591 0.065294638 -1.958537579 -0.007771370 0.999302387 -0.036528677 1.312407494 -0.065619729 0.035941415 0.997197211 30.899749756
0.998151660 0.015285200 0.058816649 -1.701933146 -0.011150680 0.997485101 -0.069991946 1.390827894 -0.059738580 0.069206744 0.995812118 30.817853928
0.998241484 0.019865489 0.055850554 -1.440817237 -0.013681326 0.993947208 -0.109004781 1.594063759 -0.057677917 0.108048983 0.992470980 32.731758118
0.998282552 0.019779893 0.055142395 -1.198089838 -0.012991006 0.992584467 -0.120860212 1.856365681 -0.057124093 0.119936287 0.991136789 36.687210083
0.998074114 0.020815525 0.058435015 -1.240060091 -0.012859611 0.990983963 -0.133361921 1.698248386 -0.060684156 0.132353634 0.989343166 40.810657501
0.998020649 0.024762996 0.057805996 -0.865182877 -0.016092975 0.989169061 -0.145896003 1.931166649 -0.060792714 0.144676954 0.987609625 43.804412842
0.998008847 0.024992039 0.057911765 -0.699638605 -0.016293490 0.989139140 -0.146076649 2.257395744 -0.060933542 0.144842207 0.987576663 47.417804718
0.998000920 0.025018806 0.058035858 -0.556945324 -0.016329395 0.989203930 -0.145633161 2.292959213 -0.061052859 0.144394368 0.987634957 51.065090179
0.999373555 0.013569715 0.032686122 0.635830760 -0.008741269 0.989601314 -0.143572018 2.501983643 -0.034294456 0.143196344 0.989099920 53.531589508
0.999754548 0.005788725 0.021382043 1.565587997 -0.002717247 0.990009665 -0.140974015 2.935127258 -0.021984484 0.140881315 0.989782393 56.032257080
0.999908507 -0.012724423 -0.004587054 1.911805868 0.011942402 0.989752233 -0.142294869 3.231930733 0.006350670 0.142227069 0.989813685 56.666332245
0.998267651 -0.037336912 -0.045473821 5.108904362 0.030814862 0.990158260 -0.136517510 4.142701626 0.050123438 0.134879723 0.989593387 53.972606659
0.995957971 -0.055577032 -0.070561782 6.250870705 0.045699865 0.989845812 -0.134599075 3.447333336 0.077325895 0.130830348 0.988384545 59.420024872
0.995136142 -0.059436139 -0.078558475 6.298952103 0.048616201 0.989908695 -0.133106127 3.704749107 0.085677020 0.128639489 0.987983465 62.447525024
0.995237291 -0.058690317 -0.077834174 6.210219383 0.047802597 0.989687383 -0.135032371 4.303813934 0.084956594 0.130668566 0.987779379 65.046035767
0.994987190 -0.059953324 -0.080037110 6.387123108 0.047909331 0.988311291 -0.144725204 4.499643326 0.087778337 0.140165165 0.986229539 69.093902588
0.994746983 -0.062094085 -0.081380896 6.440624237 0.049264103 0.987285256 -0.151132032 4.467205048 0.089730576 0.146328956 0.985158026 72.465965271
0.994067371 -0.066072442 -0.086397097 6.784307480 0.052746985 0.987531483 -0.148321658 4.930729866 0.095119834 0.142884538 0.985157967 76.000022888
0.994005442 -0.065916970 -0.087224916 7.004176617 0.052795440 0.988020837 -0.145008922 5.517595291 0.095738582 0.139534593 0.985578179 76.244308472
0.994056404 -0.063356228 -0.088533148 7.582318306 0.050181385 0.988329291 -0.143829748 6.271265984 0.096612439 0.138532147 0.985634267 76.473762512
0.994633853 -0.061209243 -0.083408006 7.803695679 0.050205939 0.990481138 -0.128166020 6.914609909 0.090458997 0.123290673 0.988239110 75.652420044
0.994729042 -0.059123803 -0.083776422 8.212259293 0.048592195 0.991265416 -0.122603856 7.731822014 0.090293497 0.117886730 0.988913357 75.624809265
0.994681954 -0.058834545 -0.084536269 8.657651901 0.048891872 0.992136419 -0.115217246 8.444880486 0.090650275 0.110471383 0.989736557 75.040458679
0.994541109 -0.060358997 -0.085115679 9.134664536 0.051379383 0.993248582 -0.104006484 9.004571915 0.090818763 0.099065542 0.990927875 74.558799744
0.995107710 -0.056789786 -0.080843113 9.416822433 0.048472606 0.993667662 -0.101365604 9.986648560 0.086087719 0.096951015 0.991559088 73.807518005
0.996360600 -0.052241851 -0.067353837 9.649065018 0.047361184 0.996270239 -0.072129264 10.413190842 0.070870787 0.068676785 0.995118558 72.854064941
0.999299705 -0.024921097 -0.027911380 10.827244759 0.023247192 0.998000801 -0.058770530 11.219209671 0.029320205 0.058080517 0.997881174 70.794982910
0.999836147 -0.016014231 0.008445146 10.809680939 0.016392715 0.998768091 -0.046834052 11.708076477 -0.007684726 0.046964824 0.998866916 71.749160767
0.999392688 -0.015358463 0.031278655 11.089786530 0.016280005 0.999434352 -0.029423911 11.587970734 -0.030809062 0.029915253 0.999077618 73.372978210
0.998756349 -0.005630517 0.049539313 12.083032608 0.006985634 0.999604940 -0.027223915 12.697803497 -0.049366444 0.027536118 0.998401105 73.635040283
0.995621741 0.002537426 0.093440533 12.435905457 -0.000271099 0.999705672 -0.024258932 13.312991142 -0.093474589 0.024127381 0.995329261 71.864555359
0.991677582 0.019621287 0.127242312 12.634736061 -0.014913143 0.999172091 -0.037849180 13.835653305 -0.127879634 0.035636596 0.991149247 74.121490479
0.988658428 0.030020861 0.147151247 12.774274826 -0.023755776 0.998742342 -0.044150278 14.144471169 -0.148291603 0.040153846 0.988128185 76.234573364
0.988576353 0.033034295 0.147055879 13.250012398 -0.026208013 0.998497725 -0.048118122 15.342990875 -0.148424521 0.043714400 0.987957060 75.565139771
0.990316391 0.035757430 0.134144828 13.639766693 -0.027109371 0.997467816 -0.065750033 16.020925522 -0.136156216 0.061476756 0.988777995 74.748214722
0.996081054 0.030758021 0.082924269 14.171005249 -0.021473214 0.993630826 -0.110619672 17.595188141 -0.085798547 0.108405516 0.990397334 72.139221191
0.996817648 0.037312172 0.070444226 14.190097809 -0.027753228 0.990847647 -0.132101268 17.697834015 -0.074728474 0.129725814 0.988729954 71.166679382
0.996475995 0.046196539 0.070010468 14.211948395 -0.033247311 0.983834267 -0.175967872 19.065267563 -0.077007808 0.173020139 0.981903195 68.119064331
0.993777156 0.065298207 0.090238571 13.652488708 -0.046947561 0.980216563 -0.192278877 19.734066010 -0.101008825 0.186845884 0.977182567 63.331291199
0.993381321 0.070907764 0.090364054 13.670330048 -0.049946357 0.975096643 -0.216083124 21.359188080 -0.103435673 0.210139617 0.972184360 57.629184723
0.990351975 0.090012290 0.105359875 13.201480865 -0.063283302 0.970173478 -0.234005481 21.524993896 -0.123280726 0.225080281 0.966509581 56.459503174
0.982316434 0.128180265 0.136470839 13.487726212 -0.091375932 0.964414477 -0.248103082 22.510200500 -0.163416371 0.231245562 0.959072769 52.777168274
0.974474370 0.153424636 0.163892284 13.145233154 -0.109222412 0.961813986 -0.250966817 23.032133102 -0.196138382 0.226660028 0.954020500 51.314788818
0.963003099 0.188173160 0.192914084 13.383421898 -0.136433721 0.957755983 -0.253158808 22.639461517 -0.232402295 0.217472687 0.947995126 52.378318787
0.944929957 0.220511690 0.241830423 13.364059448 -0.160434693 0.956160367 -0.244985759 22.441175461 -0.285250872 0.192696363 0.938882232 53.983383179
0.927377641 0.247372478 0.280673474 14.045027733 -0.181097239 0.953275144 -0.241806000 22.012294769 -0.327375233 0.173416272 0.928844571 56.755744934
0.904402077 0.277357906 0.324236542 15.790753365 -0.202442661 0.947857559 -0.246135816 21.727611542 -0.375597835 0.156966418 0.913393557 61.941696167
0.896180749 0.293301940 0.332917362 17.345949173 -0.217857614 0.944547236 -0.245699972 20.045520782 -0.386520505 0.147662997 0.910383344 66.884628296
0.890306234 0.301250219 0.341471851 18.604934692 -0.224683791 0.942868650 -0.245999828 19.125797272 -0.396070600 0.142292023 0.907127917 71.607261658
0.889318764 0.304516047 0.341148019 19.532474518 -0.227577671 0.941803575 -0.247415289 19.076047897 -0.396636367 0.142393380 0.906864762 72.721443176
0.888816357 0.304094613 0.342829257 20.235477448 -0.226959348 0.942017138 -0.247170240 18.885824203 -0.398114175 0.141880661 0.906297445 73.785003662
0.888765752 0.306626946 0.340698272 21.658702850 -0.230266705 0.941377342 -0.246548042 18.688888550 -0.396323919 0.140672013 0.907269955 71.163383484
0.882177651 0.314653456 0.350364983 22.276706696 -0.236051798 0.939252496 -0.249166965 17.738491058 -0.407482415 0.137105316 0.902862251 75.367195129
0.868354201 0.338176638 0.362763882 22.704212189 -0.256940901 0.932406008 -0.254165947 16.188898087 -0.424196243 0.127497181 0.896550059 77.347885132
0.871163368 0.331869394 0.361852109 24.826435089 -0.245724961 0.932735205 -0.263863951 17.268554688 -0.425080657 0.140952528 0.894113541 78.336685181
0.869687140 0.337505788 0.360186547 24.772190094 -0.246413767 0.929137111 -0.275652587 19.147516251 -0.427697122 0.150976539 0.891224623 71.464157104
0.866163254 0.344764858 0.361798942 26.517698288 -0.251990795 0.926467121 -0.279569924 17.706281662 -0.431580663 0.150983214 0.889349341 73.831405640
0.868995667 0.353774577 0.345962435 30.037832260 -0.248649776 0.916687191 -0.312822819 18.119434357 -0.427808046 0.185818195 0.884563088 75.886749268
0.863114417 0.370512366 0.343153179 32.304718018 -0.258472562 0.907860994 -0.330121785 16.769208908 -0.433849484 0.196237206 0.879355192 78.843727112
0.860609770 0.375681549 0.343822926 34.229446411 -0.261628777 0.905385554 -0.334405869 15.370134354 -0.436922431 0.197839037 0.877472758 81.773483276
0.872782469 0.363822907 0.325397551 35.285697937 -0.246126369 0.903726995 -0.350284696 14.774549484 -0.421512216 0.225633428 0.878303468 83.597862244
0.873307824 0.363354921 0.324509561 36.637668610 -0.244913146 0.903273642 -0.352298647 14.129114151 -0.421130329 0.228188545 0.877826333 85.689613342
0.873322785 0.367074698 0.320255160 38.004825592 -0.244829595 0.899092078 -0.362893879 14.091932297 -0.421148062 0.238515571 0.875068247 86.719528198
0.870048285 0.375372320 0.319549024 39.797595978 -0.249681473 0.894472778 -0.370914608 13.124847412 -0.425058991 0.242928118 0.871958017 90.057418823
0.870350599 0.374374866 0.319895446 41.892307281 -0.248539314 0.894776106 -0.370950133 12.143825531 -0.425109208 0.243350148 0.871815801 93.096580505
0.869282842 0.379447371 0.316807270 44.582992554 -0.250283033 0.890537798 -0.379869580 9.677959442 -0.426269412 0.250922650 0.869098485 99.040100098
0.870046616 0.386123925 0.306475550 46.155433655 -0.248210326 0.880261898 -0.404389471 7.527244568 -0.425923198 0.275767297 0.861708701 104.576370239
0.880274236 0.372096390 0.294383496 48.096569061 -0.234406814 0.880507827 -0.412018687 6.194492340 -0.412517637 0.293683887 0.862310290 108.263229370
0.879757047 0.373661965 0.293946296 51.053817749 -0.236286834 0.880166829 -0.411673129 3.549182892 -0.412548393 0.292716712 0.862624347 113.788101196
0.881652057 0.372558534 0.289637417 53.173255920 -0.233542606 0.877809763 -0.418220043 2.358295441 -0.410057992 0.301081836 0.860931039 117.455024719
0.888051093 0.364749819 0.279862434 56.005546570 -0.225254372 0.875863910 -0.426758677 0.452884674 -0.400781542 0.315943241 0.859973311 122.559936523
0.895566285 0.359941334 0.261540174 59.490943909 -0.212949544 0.862883389 -0.458350003 -3.740421295 -0.390657812 0.354787916 0.849418581 131.350967407
0.905356765 0.344873548 0.247772828 62.652320862 -0.197846726 0.858842313 -0.472489685 -6.873363495 -0.375746936 0.378750741 0.845790803 137.199722290
0.918745399 0.320347011 0.230834737 66.300788879 -0.176482797 0.856127679 -0.485694528 -9.810256958 -0.353214860 0.405491233 0.843099117 144.478485107
0.930145144 0.297451556 0.215296328 69.573249817 -0.156020030 0.850926638 -0.501579225 -13.442642212 -0.332396865 0.432950884 0.837893665 151.664367676
0.943779707 0.263813436 0.199204162 73.111701965 -0.128441706 0.847893715 -0.514372349 -15.846233368 -0.304602265 0.459868103 0.834109545 157.974533081
0.955505311 0.229388833 0.185446262 76.908721924 -0.102258757 0.847296238 -0.521183431 -18.814422607 -0.276681572 0.479030102 0.833053052 164.729370117
0.955223799 0.230749801 0.185208112 80.177909851 -0.103475235 0.846941829 -0.521519303 -20.709236145 -0.277200937 0.479003221 0.832895875 171.093139648
0.955533445 0.228904173 0.185899690 82.990531921 -0.101539768 0.847275496 -0.521357775 -24.841232300 -0.276849210 0.479298562 0.832842946 179.391693115
0.955614150 0.229170606 0.185155138 86.756370544 -0.102149300 0.847190022 -0.521377504 -28.403602600 -0.276345998 0.479322284 0.832996368 187.454391479
0.955403984 0.229858518 0.185386926 89.459159851 -0.102548622 0.846970737 -0.521655321 -30.175727844 -0.276924223 0.479380339 0.832770944 192.819320679
0.955321729 0.230267107 0.185303509 92.773361206 -0.102858067 0.846756637 -0.521941960 -33.459136963 -0.277092993 0.479562461 0.832609951 200.403533936
